1    2015-12-25    1.2366    1.2366
2    2015-12-24    1.2296    1.2296
3    2015-12-23    1.2324    1.2324
4    2015-12-22    1.2454    1.2454
5    2015-12-21    1.2351    1.2351
6    2015-12-18    1.2218    1.2218
7    2015-12-17    1.2247    1.2247
8    2015-12-16    1.1965    1.1965
9    2015-12-15    1.1906    1.1906
10    2015-12-14    1.1818    1.1818
11    2015-12-11    1.1599    1.1599
12    2015-12-10    1.1685    1.1685
13    2015-12-09    1.1719    1.1719
14    2015-12-08    1.1774    1.1774
15    2015-12-07    1.2080    1.2080
16    2015-12-04    1.1941    1.1941
17    2015-12-03    1.2028    1.2028
18    2015-12-02    1.1778    1.1778
19    2015-12-01    1.1838    1.1838
20    2015-11-30    1.1784    1.1784